ea_brazil_pop_2017_n: 2.07661e+08
ea_full_sample_n: 115166
ea_analysis_sample_n: 65824
pr_raw_data_nrow: 120265.0
pr_analysis_sample_per_nrow_2017_10_15: 80.1531356
